(4.6691999843248055-0.0034623688402494208j) 125 578 2683 12299 53011
(4.66920169848349-0.003069918310519731j) 141 656 3121 16128 150697
(4.669197978372773-0.0030699162932151824j) 141 656 3121 16128 150698
(4.66920132239118-0.0025710106313904546j) 168 781 3681 18104 112789
(4.669198530728853-0.002398147718171574j) 180 837 3942 19307 117071
(4.669204655907131-0.0022858398669030424j) 189 883 4248 23273 574668
(4.669204998817462-0.0022858399822836294j) 189 883 4248 23273 574669
(4.669203442167244-0.002285839355792906j) 189 883 4248 23273 574673
(4.669203785072289-0.0022858395017449937j) 189 883 4248 23273 574674
(4.669204127982489-0.002285839627316737j) 189 883 4248 23273 574675
(4.66920447088764-0.0022858397630776666j) 189 883 4248 23273 574676
(4.6692018854721935-0.002285838749666714j) 189 883 4248 23273 574677
(4.669202228377023-0.002285838865045182j) 189 883 4248 23273 574678
(4.6692025712767995-0.002285839000804008j) 189 883 4248 23273 574679
(4.669202914181722-0.002285839136564867j) 189 883 4248 23273 574680
(4.669200328737434-0.002285838102759988j) 189 883 4248 23273 574681
(4.669200671636931-0.002285838238518729j) 189 883 4248 23273 574682
(4.669201014531379-0.002285838384466644j) 189 883 4248 23273 574683
(4.669201357430981-0.0022858385100342385j) 189 883 4248 23273 574684
(4.669201700330629-0.002285838645793024j) 189 883 4248 23273 574685
(4.6691991148571095-0.0022858376221676327j) 189 883 4248 23273 574686
(4.669199457751336-0.002285837747733132j) 189 883 4248 23273 574687
(4.669199800640515-0.002285837883487798j) 189 883 4248 23273 574688
(4.669200143534835-0.0022858380294356684j) 189 883 4248 23273 574689
(4.66919755804266-0.0022858369956115666j) 189 883 4248 23273 574690
(4.669197900926464-0.0022858371313641307j) 189 883 4248 23273 574691
(4.669198243815417-0.0022858372569275628j) 189 883 4248 23273 574692
(4.669198586699322-0.0022858373926801555j) 189 883 4248 23273 574693
(4.669196001183393-0.002285836358846517j) 189 883 4248 23273 574694
(4.669196344066965-0.0022858365047901653j) 189 883 4248 23273 574695
(4.669196686945499-0.0022858366303494986j) 189 883 4248 23273 574696
(4.66919702982917-0.00228583677629318j) 189 883 4248 23273 574697
(4.669195130040949-0.00228583600375764j) 189 883 4248 23273 574700
(4.669195472914201-0.0022858361496972093j) 189 883 4248 23273 574701
(4.6691958157926114-0.0022858362650653528j) 189 883 4248 23273 574702
(4.669202380992418-0.0021906730717902827j) 197 918 4357 22178 179264
(4.669198432800323-0.002190671553326258j) 197 918 4357 22178 179265
(4.669204307261901-0.0021144961604291765j) 204 950 4491 22395 153481
(4.669199358550708-0.0021144942954788863j) 204 950 4491 22395 153482
(4.669200022120498-0.0018338081220688968j) 235 1095 5174 25719 172219
(4.669196141708263-0.0015759006634201355j) 273 1269 5911 27403 123934
(4.669204509728087-0.0015430073951091616j) 278 1279 5684 21729 54969
(4.66920406426764-0.0015495776489832301j) 278 1299 6200 32446 348273
(4.669202823632048-0.0015495772796982226j) 278 1299 6200 32446 348274
(4.6692015829895865-0.0015495769555118363j) 278 1299 6200 32446 348275
(4.669200342332755-0.0015495766162881845j) 278 1299 6200 32446 348276
(4.669199101654034-0.0015495762770587828j) 278 1299 6200 32446 348277
(4.669197860968459-0.0015495759227941114j) 278 1299 6200 32446 348278
(4.669196620268503-0.0015495755985925474j) 278 1299 6200 32446 348279
(4.669195379546663-0.001549575244318355j) 278 1299 6200 32446 348280
(4.669195267607116-0.0015364073759152825j) 280 1302 6072 28304 131244
(4.669199583594455-0.0015316552662247378j) 281 1309 6156 29866 170730
(4.6692010650709825-0.0015104517727871202j) 285 1329 6279 31167 206531
(4.669197119518685-0.0015104507244756793j) 285 1329 6279 31167 206532
(4.6692013343215635-0.0014691681692679955j) 293 1367 6471 32431 230632
(4.669199161324-0.0014691675980348384j) 293 1367 6471 32431 230633
(4.669195159766769-0.0014691665861424263j) 293 1367 6471 32431 230634
(4.669203358320554-0.0014409499137803135j) 297 1357 5847 20117 42157
(4.669204220579234-0.0014345051269281173j) 300 1399 6605 32661 210792
(4.669199723833261-0.0014345039810152581j) 300 1399 6605 32661 210793
(4.669196938621288-0.0014345032666480666j) 300 1399 6605 32661 210794
(4.66920456183927-0.001426233372221716j) 302 1413 6777 36403 572837
(4.669202096020745-0.001426232737245646j) 302 1413 6777 36403 572841
(4.669202649117951-0.0014262328723470147j) 302 1413 6777 36403 572842
(4.669203202223452-0.0014262330074504021j) 302 1413 6777 36403 572843
(4.669203755320923-0.0014262331262182898j) 302 1413 6777 36403 572844
(4.6691996301313266-0.0014262321022521683j) 302 1413 6777 36403 572845
(4.669200183227947-0.001426232237353422j) 302 1413 6777 36403 572846
(4.669200736316527-0.0014262323887862132j) 302 1413 6777 36403 572847
(4.669201289413413-0.0014262325075540072j) 302 1413 6777 36403 572848
(4.66920184250226-0.0014262326426533385j) 302 1413 6777 36403 572849
(4.669197717267039-0.0014262316350093956j) 302 1413 6777 36403 572850
(4.669198270355044-0.0014262317537750812j) 302 1413 6777 36403 572851
(4.6691988234350035-0.0014262319052057773j) 302 1413 6777 36403 572852
(4.669199376523267-0.0014262320403050015j) 302 1413 6777 36403 572853
(4.6691952512434085-0.0014262310163164185j) 302 1413 6777 36403 572854
(4.669195804322658-0.0014262311514134892j) 302 1413 6777 36403 572855
(4.669196357402041-0.001426231270177106j) 302 1413 6777 36403 572856
(4.6691969104733895-0.0014262313889387445j) 302 1413 6777 36403 572857
(4.669202446087506-0.0014006375114829744j) 307 1428 6659 31016 143290
(4.6692018001567-0.0013739231185935586j) 313 1457 6816 32226 159999
(4.669197612989263-0.001307801444637253j) 325 1452 5712 15393 24167
(4.669199998614674-0.001290038808328553j) 333 1546 7137 31752 121561
(4.669202961534855-0.0012725735782011132j) 338 1577 7449 36908 241465
(4.669199819941027-0.001272572872583675j) 338 1577 7449 36908 241466
(4.669203385605145-0.0012572591271505114j) 342 1594 7491 36191 201839
(4.669199089843479-0.0012572581524553166j) 342 1594 7491 36191 201840
(4.669202881052465-0.0012551345635088162j) 343 1606 7714 41754 762684
(4.669203235602813-0.0012551346400573643j) 343 1606 7714 41754 762685
(4.669203590153211-0.0012551347351659758j) 343 1606 7714 41754 762686
(4.66920394471296-0.0012551347560363756j) 343 1606 7714 41754 762687
(4.669204299263466-0.0012551348511450047j) 343 1606 7714 41754 762688
(4.66920465381403-0.0012551349276935851j) 343 1606 7714 41754 762689
(4.66919934875731-0.0012551338008749j) 343 1606 7714 41754 762694
(4.669199703297846-0.0012551338588613337j) 343 1606 7714 41754 762695
(4.669200057838441-0.0012551338982877437j) 343 1606 7714 41754 762696
(4.669200412379076-0.001255133993394239j) 343 1606 7714 41754 762697
(4.6692007669197695-0.001255134069940717j) 343 1606 7714 41754 762698
(4.669201121469793-0.001255134165049242j) 343 1606 7714 41754 762699
(4.669201476010599-0.0012551342230357023j) 343 1606 7714 41754 762700
(4.6692018305514535-0.0012551342995822065j) 343 1606 7714 41754 762701
(4.669202185092363-0.0012551343761287197j) 343 1606 7714 41754 762702
(4.669202539642606-0.0012551344526772446j) 343 1606 7714 41754 762703
(4.669195816272625-0.0012551330196397875j) 343 1606 7714 41754 762704
(4.66919617080334-0.0012551330961841508j) 343 1606 7714 41754 762705
(4.669196525343402-0.001255133117050531j) 343 1606 7714 41754 762706
(4.669196879874225-0.0012551331935949034j) 343 1606 7714 41754 762707
(4.669197234405095-0.0012551333072592927j) 343 1606 7714 41754 762708
(4.66919758893603-0.0012551333652436813j) 343 1606 7714 41754 762709
(4.669197943476295-0.0012551334417900864j) 343 1606 7714 41754 762710
(4.669198298007333-0.0012551335183344967j) 343 1606 7714 41754 762711
(4.669198652538427-0.0012551335948789157j) 343 1606 7714 41754 762712
(4.669199007069569-0.001255133689983362j) 343 1606 7714 41754 762713
(4.669195119804236-0.0012551328135899681j) 343 1606 7714 41754 762722
(4.669195474325567-0.0012551328901323022j) 343 1606 7714 41754 762723
(4.669203498546417-0.0012363141162851992j) 346 1583 6845 23811 50763
(4.669204689008147-0.0012387799021115j) 347 1616 7564 35844 180009
(4.66919759720925-0.001238778348254787j) 347 1616 7564 35844 180010
(4.6691976082003475-0.0012198135486587568j) 352 1633 7507 32787 117665
(4.669202359282194-0.0011891094626037522j) 361 1674 7677 33184 115106
(4.669201596451036-0.0011823159453300785j) 364 1704 8170 43774 658179
(4.669202101853143-0.0011823160475155998j) 364 1704 8170 43774 658180
(4.669202607265211-0.001182316149703129j) 364 1704 8170 43774 658181
(4.669203112667535-0.0011823162518886834j) 364 1704 8170 43774 658182
(4.669203618079826-0.0011823163343730656j) 364 1704 8170 43774 658183
(4.669204123482369-0.0011823164365586487j) 364 1704 8170 43774 658184
(4.669204628885019-0.0011823165584474373j) 364 1704 8170 43774 658185
(4.669198650113209-0.0011823153496200115j) 364 1704 8170 43774 658186
(4.66919915550483-0.001182315432100302j) 364 1704 8170 43774 658187
(4.669199660906412-0.0011823155145825918j) 364 1704 8170 43774 658188
(4.669200166298247-0.0011823156167660492j) 364 1704 8170 43774 658189
(4.669200671690189-0.001182315738652679j) 364 1704 8170 43774 658190
(4.6692011770921-0.0011823158211350057j) 364 1704 8170 43774 658191
(4.669195198250318-0.0011823146122930828j) 364 1704 8170 43774 658192
(4.669195703641192-0.0011823146947732804j) 364 1704 8170 43774 658193
(4.669196209022315-0.00118231481665773j) 364 1704 8170 43774 658194
(4.669196714403556-0.0011823148991359608j) 364 1704 8170 43774 658195
(4.66919721979475-0.0011823150210224437j) 364 1704 8170 43774 658196
(4.669197725176209-0.0011823151035006989j) 364 1704 8170 43774 658197
(4.669200762660255-0.0011776173961339754j) 365 1701 7982 38279 204765
(4.669195878574058-0.0011776164023847055j) 365 1701 7982 38279 204766
(4.669204986971141-0.001179119160827789j) 365 1709 8201 44148 722807
(4.669201208400276-0.0011791183770757032j) 365 1709 8201 44148 722815
(4.669201628590216-0.0011791184422780337j) 365 1709 8201 44148 722816
(4.669202048790106-0.0011791185272389505j) 365 1709 8201 44148 722817
(4.669202468980194-0.0011791186121978812j) 365 1709 8201 44148 722818
(4.669202889170357-0.0011791186971568236j) 365 1709 8201 44148 722819
(4.669203309370475-0.0011791187821177747j) 365 1709 8201 44148 722820
(4.669203729560793-0.0011791188473201414j) 365 1709 8201 44148 722821
(4.669204149751175-0.0011791189717923192j) 365 1709 8201 44148 722822
(4.669204569951523-0.0011791190369967025j) 365 1709 8201 44148 722823
(4.669197849866738-0.0011791176387383599j) 365 1709 8201 44148 722824
(4.669198270046187-0.0011791177434517242j) 365 1709 8201 44148 722825
(4.669198690225718-0.001179117828408551j) 365 1709 8201 44148 722826
(4.669199110415205-0.0011791178936108268j) 365 1709 8201 44148 722827
(4.669199530594881-0.0011791179983242361j) 365 1709 8201 44148 722828
(4.669199950774637-0.0011791180832810973j) 365 1709 8201 44148 722829
(4.669200370964346-0.0011791181682399676j) 365 1709 8201 44148 722830
(4.669200791144258-0.0011791182334402778j) 365 1709 8201 44148 722831
(4.669195331498231-0.0011791171295449882j) 365 1709 8201 44148 722835
(4.669195751667348-0.001179117234256265j) 365 1709 8201 44148 722836
(4.669196171846424-0.001179117319213023j) 365 1709 8201 44148 722837
(4.669196592015706-0.0011791173646547185j) 365 1709 8201 44148 722838
(4.669197012185054-0.0011791174496094947j) 365 1709 8201 44148 722839
(4.669197432364358-0.00117911753456628j) 365 1709 8201 44148 722840
(4.669204129600424-0.0011546952380125817j) 372 1730 8037 36769 156985
(4.669195806798254-0.0011546935228099156j) 372 1730 8037 36769 156986
(4.66920295097612-0.0011431374269958356j) 376 1753 8239 39811 222211
(4.669198480213595-0.0011431365078936838j) 376 1753 8239 39811 222212
(4.669201773287189-0.0011247604043526458j) 382 1779 8316 39151 190289
(4.669196305503372-0.0011247593156427772j) 382 1779 8316 39151 190290
(4.669203884280947-0.0011174790859223506j) 385 1802 8626 45803 596372
(4.669204535600504-0.0011174792305782258j) 385 1802 8626 45803 596373
(4.669200273383939-0.0011174783995260228j) 385 1802 8626 45803 596376
(4.66920092469207-0.001117478523333371j) 385 1802 8626 45803 596377
(4.669201575989958-0.001117478647138763j) 385 1802 8626 45803 596378
(4.669202227298457-0.001117478750099779j) 385 1802 8626 45803 596379
(4.6692028785967095-0.0011174788739052167j) 385 1802 8626 45803 596380
(4.66919731370583-0.0011174778369198559j) 385 1802 8626 45803 596381
(4.66919796500272-0.0011174779190324159j) 385 1802 8626 45803 596382
(4.669198616289361-0.001117478042835699j) 385 1802 8626 45803 596383
(4.669199267586606-0.001117478166640989j) 385 1802 8626 45803 596384
(4.669199918873606-0.0011174783112906856j) 385 1802 8626 45803 596385
(4.669195005202462-0.0011174773564029382j) 385 1802 8626 45803 596387
(4.669195656488276-0.0011174774802061049j) 385 1802 8626 45803 596388
(4.669196307763854-0.0011174775831609856j) 385 1802 8626 45803 596389
(4.669196959050033-0.0011174777069641974j) 385 1802 8626 45803 596390
(4.669204435710107-0.0011141231790991048j) 386 1804 8574 43824 367200
(4.66920231992675-0.0011141227456179673j) 386 1804 8574 43824 367201
(4.66920020411394-0.0011141223539498897j) 386 1804 8574 43824 367202
(4.669201927266096-0.0011141226311121412j) 386 1804 8574 43824 367203
(4.669199811422282-0.0011141222185290772j) 386 1804 8574 43824 367204
(4.669197695569928-0.001114121826853615j) 386 1804 8574 43824 367205
(4.6691955796881315-0.0011141214142633715j) 386 1804 8574 43824 367206
(4.669204781517376-0.00111462602421456j) 386 1807 8657 46173 643784
(4.669201416036714-0.0011146253844223487j) 386 1807 8657 46173 643790
(4.669201976375086-0.0011146254700453435j) 386 1807 8657 46173 643791
(4.66920253670314-0.0011146255765660982j) 386 1807 8657 46173 643792
(4.669203097031323-0.0011146257039866146j) 386 1807 8657 46173 643793
(4.669203657370103-0.0011146257687099038j) 386 1807 8657 46173 643794
(4.66920421769856-0.0011146258752307106j) 386 1807 8657 46173 643795
(4.66919805044596-0.0011146247237092748j) 386 1807 8657 46173 643796
(4.669198610762624-0.001114624809328207j) 386 1807 8657 46173 643797
(4.66919917108987-0.0011146249158488426j) 386 1807 8657 46173 643798
(4.669199731406804-0.001114625001467798j) 386 1807 8657 46173 643799
(4.669200291723865-0.0011146251288861975j) 386 1807 8657 46173 643800
(4.669200852051514-0.00111462523540689j) 386 1807 8657 46173 643801
(4.669195245040068-0.0011146241485899657j) 386 1807 8657 46173 643803
(4.66919580534561-0.0011146242342068313j) 386 1807 8657 46173 643804
(4.6691963656512785-0.0011146243616230707j) 386 1807 8657 46173 643805
(4.669196925967535-0.0011146244681416383j) 386 1807 8657 46173 643806
(4.669197486273477-0.0011146245746582386j) 386 1807 8657 46173 643807
(4.669204558233783-0.001114792211946364j) 386 1808 8685 47012 859262
(4.6692048727258015-0.0011147922722549962j) 386 1808 8685 47012 859263
(4.6692002976547275-0.0011147913740187107j) 386 1808 8685 47012 859277
(4.669200612135724-0.0011147914343252537j) 386 1808 8685 47012 859278
(4.669200926616763-0.0011147914946318027j) 386 1808 8685 47012 859279
(4.669201241097844-0.0011147915549383578j) 386 1808 8685 47012 859280
(4.669201555578963-0.0011147916361414904j) 386 1808 8685 47012 859281
(4.669201870070582-0.0011147916755534898j) 386 1808 8685 47012 859282
(4.669202184551789-0.0011147917358600632j) 386 1808 8685 47012 859283
(4.6692024990330445-0.0011147917752700632j) 386 1808 8685 47012 859284
(4.6692028135143335-0.0011147918564732287j) 386 1808 8685 47012 859285
(4.669203127995669-0.0011147919167798204j) 386 1808 8685 47012 859286
(4.6692034424770466-0.0011147919770864187j) 386 1808 8685 47012 859287
(4.6692037569689155-0.0011147920373950264j) 386 1808 8685 47012 859288
(4.669204071450382-0.0011147920768050429j) 386 1808 8685 47012 859289
(4.669204385931886-0.0011147921371116563j) 386 1808 8685 47012 859290
(4.669195722289621-0.0011147904757257006j) 386 1808 8685 47012 859291
(4.669196036759553-0.001114790536030148j) 386 1808 8685 47012 859292
(4.669196351229527-0.0011147905963346011j) 386 1808 8685 47012 859293
(4.669196665709992-0.0011147906566410643j) 386 1808 8685 47012 859294
(4.669196980180047-0.0011147907378420603j) 386 1808 8685 47012 859295
(4.669197294650152-0.0011147907772500016j) 386 1808 8685 47012 859296
(4.6691976091202925-0.0011147908584510154j) 386 1808 8685 47012 859297
(4.669197923590486-0.0011147908769624244j) 386 1808 8685 47012 859298
(4.6691982380711625-0.0011147909372689155j) 386 1808 8685 47012 859299
(4.66919855254143-0.0011147910184699534j) 386 1808 8685 47012 859300
(4.6691988670117475-0.0011147910578779084j) 386 1808 8685 47012 859301
(4.669199181482099-0.0011147911390789642j) 386 1808 8685 47012 859302
(4.669199495952497-0.0011147911993834789j) 386 1808 8685 47012 859303
(4.66919981042294-0.0011147912387914436j) 386 1808 8685 47012 859304
(4.669195234640861-0.0011147903404185142j) 386 1808 8685 47012 859318
(4.669195549100275-0.0011147904216174602j) 386 1808 8685 47012 859319
(4.669202259826013-0.0010990958291620227j) 391 1823 8565 41311 228180
(4.669197110600215-0.0010990948194237696j) 391 1823 8565 41311 228181
(4.669202783152289-0.0010955183788223224j) 392 1823 8463 38587 162444
(4.669199408080663-0.0010900465078505918j) 394 1833 8524 39169 170371
(4.669203290307248-0.00108877446995012j) 395 1847 8797 45463 424118
(4.669200074829243-0.0010887738841726528j) 395 1847 8797 45463 424119
(4.6692013965968435-0.001088774103568729j) 395 1847 8797 45463 424120
(4.669198181089362-0.0010887734749937597j) 395 1847 8797 45463 424121
(4.669199502845189-0.001088773715783753j) 395 1847 8797 45463 424122
(4.669196287308218-0.0010887731085993692j) 395 1847 8797 45463 424123
(4.6691997620839185-0.0010798476364768607j) 397 1835 8283 33553 96834
(4.669199372706044-0.0010816194951726497j) 397 1846 8563 38902 161374
(4.669204655829124-0.0010748916618218845j) 400 1869 8869 44960 350342
(4.669202821519293-0.0010748913359647596j) 400 1869 8869 44960 350343
(4.669200987178407-0.0010748909450847251j) 400 1869 8869 44960 350344
(4.669199152828117-0.0010748905975478905j) 400 1869 8869 44960 350345
(4.669197318457598-0.0010748902500074204j) 400 1869 8869 44960 350346
(4.669195484056008-0.001074889924133777j) 400 1869 8869 44960 350347
(4.669204486361121-0.001072560532961541j) 401 1876 8955 46827 497620
(4.669202006249935-0.0010725600411852006j) 401 1876 8955 46827 497623
(4.669202980879594-0.001072560239091505j) 401 1876 8955 46827 497624
(4.66919855143714-0.001072559416647792j) 401 1876 8955 46827 497625
(4.669199526065364-0.0010725595711149967j) 401 1876 8955 46827 497626
(4.66920050069399-0.0010725597473016848j) 401 1876 8955 46827 497627
(4.669196071212804-0.001072558924850845j) 401 1876 8955 46827 497628
(4.669197045829125-0.0010725591227547864j) 401 1876 8955 46827 497629
(4.66919802044586-0.0010725592772199502j) 401 1876 8955 46827 497630
(4.669195540135208-0.0010725588071268304j) 401 1876 8955 46827 497633
(4.6692045280127825-0.001067757424967315j) 402 1867 8611 38136 143612
(4.6692022832381515-0.0010690014912153303j) 402 1875 8822 42847 246457
(4.669198213669771-0.0010690007276356437j) 402 1875 8822 42847 246458
(4.669204064168924-0.0010657732500285303j) 403 1876 8746 40657 186117
(4.669196837332121-0.0010657719010711633j) 403 1876 8746 40657 186118
(4.669204924849841-0.0010544174337519196j) 408 1911 9172 49406 818312
(4.669200651141358-0.0010544166386659828j) 408 1911 9172 49406 818325
(4.6692010177407655-0.0010544167049734454j) 408 1911 9172 49406 818326
(4.669201384340229-0.001054416771280916j) 408 1911 9172 49406 818327
(4.669201750950793-0.0010544168596834864j) 408 1911 9172 49406 818328
(4.669202117550373-0.0010544169259909758j) 408 1911 9172 49406 818329
(4.66920248415001-0.0010544169922984733j) 408 1911 9172 49406 818330
(4.669202850749709-0.0010544170365128734j) 408 1911 9172 49406 818331
(4.6692032173494535-0.0010544171470065994j) 408 1911 9172 49406 818332
(4.669203583960313-0.00105441719122301j) 408 1911 9172 49406 818333
(4.6692039505601795-0.0010544172575305383j) 408 1911 9172 49406 818334
(4.669204317160104-0.0010544173238380748j) 408 1911 9172 49406 818335
(4.669204683760095-0.0010544173459593748j) 408 1911 9172 49406 818336
(4.6691960105658605-0.0010544157772238807j) 408 1911 9172 49406 818337
(4.6691963771534875-0.0010544158656222863j) 408 1911 9172 49406 818338
(4.669196743741181-0.0010544159098346128j) 408 1911 9172 49406 818339
(4.669197110328928-0.0010544159761399902j) 408 1911 9172 49406 818340
(4.6691974769167315-0.0010544160424453759j) 408 1911 9172 49406 818341
(4.66919784351564-0.001054416108752767j) 408 1911 9172 49406 818342
(4.669198210103556-0.0010544161971512292j) 408 1911 9172 49406 818343
(4.6691985766915325-0.0010544162634566416j) 408 1911 9172 49406 818344
(4.669198943279566-0.0010544163297620617j) 408 1911 9172 49406 818345
(4.669199309867662-0.0010544163739744186j) 408 1911 9172 49406 818346
(4.669199676466858-0.0010544164402818488j) 408 1911 9172 49406 818347
(4.66920004305507-0.001054416484494211j) 408 1911 9172 49406 818348
(4.6691950355066725-0.0010544155787701336j) 408 1911 9172 49406 818359
(4.669195402083108-0.001054415622980439j) 408 1911 9172 49406 818360
(4.669195768659593-0.001054415711376821j) 408 1911 9172 49406 818361
(4.669202657137918-0.001051279184925723j) 409 1912 9092 46589 399599
(4.669204199199436-0.0010512794325570388j) 409 1912 9092 46589 399600
(4.669201313831687-0.0010512789055899321j) 409 1912 9092 46589 399601
(4.669198428434262-0.0010512784007766578j) 409 1912 9092 46589 399602
(4.669199970470833-0.0010512786262445967j) 409 1912 9092 46589 399603
(4.669197085052914-0.0010512780992685724j) 409 1912 9092 46589 399604
(4.669199910960378-0.0010427999644930385j) 411 1899 8554 34367 97189
(4.669203692940458-0.0010386508544726221j) 412 1893 8319 30534 71342
(4.66919937353806-0.0010365679844914614j) 414 1922 8846 38816 141516
(4.669199940737075-0.0010377437862374077j) 414 1930 9056 43400 231273
(4.669196816811268-0.001037743158742596j) 414 1930 9056 43400 231274
(4.66919988735609-0.0010338177577098038j) 415 1925 8825 38076 131291
(4.669202754581153-0.0010305377935217223j) 417 1946 9175 45013 275621
(4.66919983063897-0.0010305372612388185j) 417 1946 9175 45013 275622
(4.669196906666546-0.0010305367063455418j) 417 1946 9175 45013 275623
(4.669198344301307-0.0010212077203177066j) 418 1904 8064 26301 51013
(4.669200701922354-0.001017323749325887j) 419 1899 7879 24236 43644
(4.66920209367653-0.001023393367560306j) 419 1940 8819 36740 114158
(4.669204190457592-0.001025978765436529j) 419 1958 9291 47084 365872
(4.6692019215793374-0.001025978358098557j) 419 1958 9291 47084 365873
(4.669199652680583-0.001025977950757043j) 419 1958 9291 47084 365874
(4.669197383761329-0.0010259775434119872j) 419 1958 9291 47084 365875
(4.6691951148329265-0.0010259771360653144j) 419 1958 9291 47084 365876
(4.669202576993796-0.0010262618991715368j) 419 1960 9346 48588 482945
(4.669203658457766-0.001026262062863254j) 419 1960 9346 48588 482946
(4.669204739922231-0.0010262622719536829j) 419 1960 9346 48588 482947
(4.66920034007978-0.001026261490938534j) 419 1960 9346 48588 482948
(4.6692014215313655-0.001026261654628177j) 419 1960 9346 48588 482949
(4.669197021661117-0.0010262608963073187j) 419 1960 9346 48588 482950
(4.6691981030998155-0.0010262610599948354j) 419 1960 9346 48588 482951
(4.6691991845390115-0.0010262612463816747j) 419 1960 9346 48588 482952
(4.669195866053893-0.0010262606517390037j) 419 1960 9346 48588 482954
(4.669196947480702-0.0010262608381237468j) 419 1960 9346 48588 482955
(4.669201815874742-0.001019188883205823j) 421 1954 8981 39175 139983
(4.669195330549876-0.0010172405043911818j) 422 1962 9089 41039 166131
(4.669201481669378-0.0010108737737256107j) 425 1982 9313 44931 248546
(4.6691998992083805-0.0010108734721366427j) 425 1982 9313 44931 248547
(4.669195452782041-0.0010108726850962437j) 425 1982 9313 44931 248548
(4.6692042170818695-0.0010118416657224738j) 425 1989 9504 49959 566278
(4.669200889558606-0.0010118410964383504j) 425 1989 9504 49959 566282
(4.6692016873483055-0.0010118411868814201j) 425 1989 9504 49959 566283
(4.669202485138265-0.0010118413463928474j) 425 1989 9504 49959 566284
(4.669203282916993-0.0010118414598567693j) 425 1989 9504 49959 566285
(4.66919756195952-0.001011840458072828j) 425 1989 9504 49959 566286
(4.669198359725051-0.0010118405945573465j) 425 1989 9504 49959 566287
(4.669199157502367-0.0010118407310438686j) 425 1989 9504 49959 566288
(4.669199955279954-0.001011840867530425j) 425 1989 9504 49959 566289
(4.669195032025961-0.0010118400022201476j) 425 1989 9504 49959 566291
(4.669195829779116-0.0010118401387025804j) 425 1989 9504 49959 566292
(4.669196627544055-0.001011840275187017j) 425 1989 9504 49959 566293
(4.669202794095687-0.0010095022440608787j) 426 1994 9535 50324 601353
(4.669203503184598-0.001009502342311444j) 426 1994 9535 50324 601354
(4.669204212262184-0.0010095024636361841j) 426 1994 9535 50324 601355
(4.669204921351523-0.0010095025849629258j) 426 1994 9535 50324 601356
(4.669199401001469-0.001009501617342574j) 426 1994 9535 50324 601358
(4.669200110066271-0.0010095017386651762j) 426 1994 9535 50324 601359
(4.669200819142825-0.0010095018599897796j) 426 1994 9535 50324 601360
(4.669201528208057-0.001009501981312436j) 426 1994 9535 50324 601361
(4.669202237285046-0.001009502079560977j) 426 1994 9535 50324 601362
(4.669196007785262-0.0010095010136793642j) 426 1994 9535 50324 601363
(4.6691967168490285-0.0010095011580778916j) 426 1994 9535 50324 601364
(4.66919742590148-0.0010095012563223476j) 426 1994 9535 50324 601365
(4.669198134965681-0.001009501377644867j) 426 1994 9535 50324 601366
(4.66919884401856-0.0010095014989654396j) 426 1994 9535 50324 601367
(4.669195450653173-0.001009500872200657j) 426 1994 9535 50324 601372
(4.669201769823124-0.0010051072653394445j) 427 1984 9163 40816 156952
(4.669201935228631-0.0010021075913078995j) 428 1984 9065 38561 127254
(4.6692030877120505-0.0010048516657970873j) 428 2004 9597 51059 684582
(4.669203637386388-0.0010048517598621857j) 428 2004 9597 51059 684583
(4.669204187072444-0.0010048518539292838j) 428 2004 9597 51059 684584
(4.669204736747036-0.0010048519711773347j) 428 2004 9597 51059 684585
(4.669199549739374-0.0010048510371651373j) 428 2004 9597 51059 684590
(4.669200099401286-0.0010048511312281405j) 428 2004 9597 51059 684591
(4.6692006490633355-0.0010048511789254016j) 428 2004 9597 51059 684592
(4.6692011987370945-0.001004851296173295j) 428 2004 9597 51059 684593
(4.669201748399395-0.0010048513902363421j) 428 2004 9597 51059 684594
(4.669202298061824-0.0010048514842994057j) 428 2004 9597 51059 684595
(4.669202847735975-0.0010048515783644691j) 428 2004 9597 51059 684596
(4.669195461925644-0.0010048503376221532j) 428 2004 9597 51059 684597
(4.669196011586601-0.0010048503853193676j) 428 2004 9597 51059 684598
(4.66919656123609-0.0010048504793802706j) 428 2004 9597 51059 684599
(4.669197110885706-0.0010048505734411898j) 428 2004 9597 51059 684600
(4.669197660547045-0.0010048506675041091j) 428 2004 9597 51059 684601
(4.669198210196921-0.001004850761565061j) 428 2004 9597 51059 684602
(4.669198759846922-0.00100485087880889j) 428 2004 9597 51059 684603
(4.669202306599011-0.0010026775607392833j) 429 2010 9656 52270 955851
(4.669202589158684-0.0010026776094756958j) 429 2010 9656 52270 955852
(4.669202871730007-0.0010026776582141165j) 429 2010 9656 52270 955853
(4.669203154289748-0.0010026777069505376j) 429 2010 9656 52270 955854
(4.669203436849527-0.0010026777324538398j) 429 2010 9656 52270 955855
(4.669203719409336-0.0010026777811902672j) 429 2010 9656 52270 955856
(4.669204001969179-0.0010026778299266992j) 429 2010 9656 52270 955857
(4.669204284529056-0.0010026778786631355j) 429 2010 9656 52270 955858
(4.669204567088968-0.0010026779273995764j) 429 2010 9656 52270 955859
(4.66920484964891-0.0010026779993691593j) 429 2010 9656 52270 955860
(4.669196853891734-0.0010026765970129522j) 429 2010 9656 52270 955871
(4.66919713643913-0.0010026766457472721j) 429 2010 9656 52270 955872
(4.66919741898656-0.0010026766944815969j) 429 2010 9656 52270 955873
(4.669197701534024-0.0010026767432159257j) 429 2010 9656 52270 955874
(4.6691979840815225-0.0010026767919502591j) 429 2010 9656 52270 955875
(4.6691982666290555-0.0010026768406845971j) 429 2010 9656 52270 955876
(4.669198549188239-0.001002676889420943j) 429 2010 9656 52270 955877
(4.6691988317358435-0.0010026769149222119j) 429 2010 9656 52270 955878
(4.6691991142834794-0.0010026769636565602j) 429 2010 9656 52270 955879
(4.669199396831148-0.0010026770123909134j) 429 2010 9656 52270 955880
(4.669199679378852-0.0010026770611252704j) 429 2010 9656 52270 955881
(4.66919996192659-0.0010026771098596325j) 429 2010 9656 52270 955882
(4.669200244474362-0.0010026771585939986j) 429 2010 9656 52270 955883
(4.669200527022168-0.0010026772073283693j) 429 2010 9656 52270 955884
(4.669200809581625-0.001002677256064748j) 429 2010 9656 52270 955885
(4.669201092129501-0.0010026773047991278j) 429 2010 9656 52270 955886
(4.669201374677409-0.0010026773535335117j) 429 2010 9656 52270 955887
(4.669201657225348-0.0010026774255010062j) 429 2010 9656 52270 955888
(4.669201939773325-0.001002677474235402j) 429 2010 9656 52270 955889
(4.669202222321345-0.001002677476503579j) 429 2010 9656 52270 955890
(4.669195073703375-0.0010026762434965132j) 429 2010 9656 52270 955904
(4.669195356238939-0.001002676292228796j) 429 2010 9656 52270 955905
(4.6691956387745375-0.0010026763409610832j) 429 2010 9656 52270 955906
(4.66919592131017-0.0010026763896933749j) 429 2010 9656 52270 955907
(4.669196203857452-0.0010026764384276745j) 429 2010 9656 52270 955908
(4.669196486393154-0.0010026764871599752j) 429 2010 9656 52270 955909
(4.669204129278354-0.0010002434975584893j) 430 2014 9659 51802 791797
(4.669204542062468-0.0010002435449144916j) 430 2014 9659 51802 791798
(4.669204954846648-0.001000243638849912j) 430 2014 9659 51802 791799
(4.669199449433279-0.0010002426500494825j) 430 2014 9659 51802 791808
(4.669199862204916-0.0010002427206930817j) 430 2014 9659 51802 791809
(4.669200274988269-0.0010002428146283454j) 430 2014 9659 51802 791810
(4.6692006877600525-0.0010002428852719679j) 430 2014 9659 51802 791811
(4.66920110053191-0.0010002429559155994j) 430 2014 9659 51802 791812
(4.66920151330384-0.0010002430265592405j) 430 2014 9659 51802 791813
(4.669201926087489-0.0010002430972048837j) 430 2014 9659 51802 791814
(4.669202338859572-0.0010002431212691788j) 430 2014 9659 51802 791815
(4.669202751631722-0.0010002431919128396j) 430 2014 9659 51802 791816
(4.669203164403943-0.0010002432625565098j) 430 2014 9659 51802 791817
(4.669203577176235-0.001000243356489884j) 430 2014 9659 51802 791818
(4.669203989960252-0.001000243403845871j) 430 2014 9659 51802 791819
(4.669195182112206-0.0010002418964311153j) 430 2014 9659 51802 791820
(4.669195594871446-0.0010002419670726212j) 430 2014 9659 51802 791821
(4.669196007630754-0.0010002420610037556j) 430 2014 9659 51802 791822
(4.669196420401783-0.001000242131647277j) 430 2014 9659 51802 791823
(4.669196833161241-0.001000242202288815j) 430 2014 9659 51802 791824
(4.669197245920772-0.0010002422729303625j) 430 2014 9659 51802 791825
(4.66919765868038-0.0010002423202822835j) 430 2014 9659 51802 791826
(4.669198071440061-0.0010002423676342056j) 430 2014 9659 51802 791827
(4.669198484211452-0.0010002424615674097j) 430 2014 9659 51802 791828
(4.669198896971275-0.0010002425322089901j) 430 2014 9659 51802 791829
(4.66919930973117-0.0010002426028505801j) 430 2014 9659 51802 791830
(4.6692042793682225-0.0009940708477006086j) 432 2012 9394 43965 207661
(4.669198151773866-0.000994069756245271j) 432 2012 9394 43965 207662
(4.669203214201169-0.0009853610674307924j) 436 2034 9570 46467 266820
(4.669197442115171-0.000985360107519352j) 436 2034 9570 46467 266821
(4.669203535743051-0.0009802756640608918j) 438 2039 9498 43973 197620
(4.669196208380256-0.0009802744097929215j) 438 2039 9498 43973 197621
(4.669201393880412-0.000980538657950152j) 438 2041 9551 45178 224776
(4.66919593854966-0.00098053772103161j) 438 2041 9551 45178 224777
(4.669196922998212-0.0009770284907327062j) 439 2036 9321 39977 135281
(4.669198562039263-0.000978207537555328j) 439 2045 9555 44869 215362
(4.66920389067853-0.0009766677752652564j) 440 2055 9720 48450 330710
(4.669202370011541-0.0009766674609953407j) 440 2055 9720 48450 330711
(4.669196905230765-0.0009766665649093363j) 440 2055 9720 48450 330712
(4.66919538450869-0.0009766662983346922j) 440 2055 9720 48450 330713
(4.669202172823302-0.00097244442127582j) 442 2066 9809 49846 396527
(4.66919911628467-0.0009724439053168854j) 442 2066 9809 49846 396528
(4.669200809276028-0.0009724441299222987j) 442 2066 9809 49846 396529
(4.669197752703248-0.0009724436139578911j) 442 2066 9809 49846 396530
(4.669196389062727-0.0009724433705005101j) 442 2066 9809 49846 396532
(4.669204927289394-0.0009648482227624242j) 445 2072 9659 44873 204819
(4.66919648687374-0.0009648468381714925j) 445 2072 9659 44873 204820
(4.669197572102977-0.0009580583366388762j) 447 2062 9213 35881 94430
(4.669204787610644-0.000959239596451699j) 448 2093 9912 49716 355548
(4.669204739732568-0.0009592395403438161j) 448 2093 9912 49716 355550
(4.6692025570855185-0.0009592391724646665j) 448 2093 9912 49716 355551
(4.669200374428363-0.0009592388288692709j) 448 2093 9912 49716 355552
(4.669198191736825-0.0009592384609829902j) 448 2093 9912 49716 355553
(4.6691960090351845-0.0009592380930950669j) 448 2093 9912 49716 355554
(4.669204860893175-0.0009555324919981469j) 450 2107 10084 53461 680115
(4.669200670054752-0.000955531787072298j) 450 2107 10084 53461 680122
(4.6692012557060565-0.0009555319065551499j) 450 2107 10084 53461 680123
(4.669201841357515-0.0009555319772790949j) 450 2107 10084 53461 680124
(4.669202427021304-0.0009555320967639737j) 450 2107 10084 53461 680125
(4.669203012673057-0.0009555321674879418j) 450 2107 10084 53461 680126
(4.669203598324953-0.000955532262591402j) 450 2107 10084 53461 680127
(4.669204183989185-0.0009555323576968594j) 450 2107 10084 53461 680128
(4.6691964790410045-0.0009555311064971607j) 450 2107 10084 53461 680129
(4.669197064691261-0.000955531201600424j) 450 2107 10084 53461 680130
(4.669197650329479-0.0009555312723223009j) 450 2107 10084 53461 680131
(4.669198235967844-0.0009555313430441834j) 450 2107 10084 53461 680132
(4.669198821618543-0.0009555314381474875j) 450 2107 10084 53461 680133
(4.669199407257197-0.0009555315332488296j) 450 2107 10084 53461 680134
(4.6691999928959955-0.0009555316527296386j) 450 2107 10084 53461 680135
(4.669195216014113-0.0009555308526364424j) 450 2107 10084 53461 680141
(4.669195801651868-0.0009555309233582708j) 450 2107 10084 53461 680142
(4.669202568428723-0.0009501019883101675j) 451 2085 9406 38005 108983
(4.6691994266312395-0.0009507255730767449j) 451 2090 9531 40217 129581
(4.669203765227893-0.0009512253393108158j) 451 2094 9633 42173 152558
(4.669204877165678-0.0009524629495231895j) 451 2104 9896 47966 272578
(4.669201868296829-0.0009524624413351328j) 451 2104 9896 47966 272579
(4.669198859370719-0.0009524619086799919j) 451 2104 9896 47966 272580
(4.669195850411795-0.0009524614004780715j) 451 2104 9896 47966 272581
(4.669202937427302-0.0009534450147290056j) 451 2112 10115 53830 724769
(4.669203454288287-0.0009534451231002469j) 451 2112 10115 53830 724770
(4.669203971137179-0.0009534451826038335j) 451 2112 10115 53830 724771
(4.669204487986177-0.0009534452909731294j) 451 2112 10115 53830 724772
(4.66919821806627-0.0009534442238701727j) 451 2112 10115 53830 724777
(4.669198734901782-0.0009534443078044725j) 451 2112 10115 53830 724778
(4.669199251737404-0.0009534444161715845j) 451 2112 10115 53830 724779
(4.669199768585365-0.0009534444756750972j) 451 2112 10115 53830 724780
(4.6692002854212245-0.000953444535176629j) 451 2112 10115 53830 724781
(4.669200802257195-0.0009534446191109785j) 451 2112 10115 53830 724782
(4.669201319093275-0.0009534447274781619j) 451 2112 10115 53830 724783
(4.669201835941694-0.000953444786981703j) 451 2112 10115 53830 724784
(4.669202352778002-0.0009534448953489247j) 451 2112 10115 53830 724785
(4.669195048986413-0.0009534436847774411j) 451 2112 10115 53830 724788
(4.669195565809007-0.0009534437687096667j) 451 2112 10115 53830 724789
(4.669196082631715-0.0009534438526419063j) 451 2112 10115 53830 724790
(4.669196599466755-0.0009534439365761437j) 451 2112 10115 53830 724791
(4.669197116289692-0.0009534440205084107j) 451 2112 10115 53830 724792
(4.669197633112744-0.0009534441044406918j) 451 2112 10115 53830 724793
(4.669200968933957-0.0009454140411371978j) 454 2112 9802 44621 186611
(4.66920322050767-0.0009439767570443377j) 455 2122 9965 47932 260653
(4.669197608080796-0.0009439758633580943j) 455 2122 9965 47932 260654
(4.669195211829932-0.000943975428833101j) 455 2122 9965 47932 260655
(4.669204192379686-0.0009447008956540583j) 455 2128 10128 52120 465768
(4.669200975808952-0.0009447003639215647j) 455 2128 10128 52120 465770
(4.669202238882612-0.0009447005630376965j) 455 2128 10128 52120 465771
(4.669197759193332-0.000944699832181865j) 455 2128 10128 52120 465772
(4.669199022252926-0.0009447000066367973j) 455 2128 10128 52120 465773
(4.669200285313199-0.0009447002057508392j) 455 2128 10128 52120 465774
(4.669195805590675-0.0009446994995487274j) 455 2128 10128 52120 465775
(4.669197068636884-0.0009446996740016039j) 455 2128 10128 52120 465776
(4.669204235391211-0.0009361177336664747j) 459 2144 10142 50574 346218
(4.669202234444285-0.0009361174025868824j) 459 2144 10142 50574 346219
(4.669200233486631-0.00093611707150561j) 459 2144 10142 50574 346220
(4.669198232505803-0.0009361167653059783j) 459 2144 10142 50574 346221
(4.669196231489374-0.0009361163844452047j) 459 2144 10142 50574 346222
(4.669202400612542-0.0009332829221848501j) 460 2142 9985 46377 211463
(4.66919540746699-0.0009332817846682669j) 460 2142 9985 46377 211464
(4.669204423253246-0.0009344669877170396j) 460 2152 10255 53120 507516
(4.669201323671191-0.000934466477459336j) 460 2152 10255 53120 507519
(4.669202399139969-0.0009344666458548721j) 460 2152 10255 53120 507520
(4.669203474609247-0.0009344667893213357j) 460 2152 10255 53120 507521
(4.669198224030926-0.0009344659921214773j) 460 2152 10255 53120 507522
(4.669199299485815-0.0009344661355858168j) 460 2152 10255 53120 507523
(4.669200374928736-0.0009344662790482376j) 460 2152 10255 53120 507524
(4.6691951243075325-0.0009344654569123444j) 460 2152 10255 53120 507525
(4.66919619974853-0.000934465600374581j) 460 2152 10255 53120 507526
(4.669197275190018-0.0009344657687659125j) 460 2152 10255 53120 507527
(4.669204940315823-0.0009297790349119761j) 462 2156 10153 49505 291573
(4.669200909786704-0.0009297783566223117j) 462 2156 10153 49505 291574
(4.6691968792269565-0.0009297777033829116j) 462 2156 10153 49505 291575
(4.669203360171866-0.0009242207802941839j) 465 2174 10327 52609 427709
(4.669199500898958-0.0009242201889326948j) 465 2174 10327 52609 427710
(4.669201031964421-0.0009242203983344008j) 465 2174 10327 52609 427711
(4.669197172657556-0.0009242197817621072j) 465 2174 10327 52609 427712
(4.6691987037088865-0.0009242200163671957j) 465 2174 10327 52609 427713
(4.669196375405268-0.0009242196091871066j) 465 2174 10327 52609 427715
(4.669203538974808-0.0009219234389286174j) 466 2176 10276 50807 327474
(4.669197882486635-0.0009219225661574784j) 466 2176 10276 50807 327475
(4.669196363362484-0.0009219222880126673j) 466 2176 10276 50807 327476
(4.669200287896208-0.0009183626632875349j) 467 2167 9938 42932 148624
(4.66920296320554-0.0009200935640607178j) 467 2182 10334 51840 371131
(4.669200307519522-0.000920093137706056j) 467 2182 10334 51840 371132
(4.6691976517985445-0.0009200927366646166j) 467 2182 10334 51840 371133
(4.6691996943616205-0.0009200930197942538j) 467 2182 10334 51840 371134
(4.669197038603363-0.0009200926187471815j) 467 2182 10334 51840 371135
(4.669201347044847-0.0009205504025521416j) 467 2186 10444 54848 614153
(4.6692020925766675-0.0009205504932189808j) 467 2186 10444 54848 614154
(4.669202838096068-0.0009205506091897979j) 467 2186 10444 54848 614155
(4.669203583628362-0.0009205507251626104j) 467 2186 10444 54848 614156
(4.669204329148239-0.0009205508411334819j) 467 2186 10444 54848 614157
(4.669197303751671-0.0009205497482831368j) 467 2186 10444 54848 614158
(4.669198049256894-0.0009205498389459279j) 467 2186 10444 54848 614159
(4.6691987947750055-0.0009205499549165901j) 467 2186 10444 54848 614160
(4.669199540280701-0.0009205500708853109j) 467 2186 10444 54848 614161
(4.669200285799283-0.000920550212161935j) 467 2186 10444 54848 614162
(4.669195496826166-0.000920549416591183j) 467 2186 10444 54848 614166
(4.6691962423181606-0.0009205495072519437j) 467 2186 10444 54848 614167
(4.669196987823041-0.0009205496232205553j) 467 2186 10444 54848 614168
(4.669199106499664-0.0009068019005883146j) 473 2196 10094 44032 157357
(4.6691986606657805-0.0009053695152522659j) 474 2205 10228 46440 192191
(4.669203517428199-0.0009067102005647197j) 474 2217 10550 54243 480476
(4.669204754101048-0.0009067103875720827j) 474 2217 10550 54243 480477
(4.669199818473981-0.0009067096412155894j) 474 2217 10550 54243 480478
(4.6692010551320315-0.000906709776836285j) 474 2217 10550 54243 480479
(4.669202291790726-0.0009067099895338072j) 474 2217 10550 54243 480480
(4.669197356117484-0.0009067092174779457j) 474 2217 10550 54243 480481
(4.669198592761381-0.0009067093787888137j) 474 2217 10550 54243 480482
(4.669196130316252-0.0009067089807300227j) 474 2217 10550 54243 480485
(4.669202028225808-0.0008970589445101966j) 479 2239 10622 53747 412289
(4.669203725846419-0.0008970591958835799j) 479 2239 10622 53747 412290
(4.6692000701304845-0.0008970586285985256j) 479 2239 10622 53747 412291
(4.669196414394302-0.0008970580872789629j) 479 2239 10622 53747 412292
(4.669198111984871-0.0008970582867106996j) 479 2239 10622 53747 412293
(4.669196153788955-0.0008970579967527556j) 479 2239 10622 53747 412295
(4.669203931062767-0.0008972783182347126j) 479 2241 10677 55242 521378
(4.669204992354386-0.0008972784517190649j) 479 2241 10677 55242 521379
(4.669200346778059-0.0008972777537752421j) 479 2241 10677 55242 521381
(4.669201408055064-0.0008972779132198053j) 479 2241 10677 55242 521382
(4.6692024693325545-0.0008972780467020994j) 479 2241 10677 55242 521383
(4.669196762433949-0.0008972771893066963j) 479 2241 10677 55242 521384
(4.669197823683362-0.0008972773487471706j) 479 2241 10677 55242 521385
(4.669198884946238-0.0008972775081896476j) 479 2241 10677 55242 521386
(4.669195300487547-0.0008972769177416068j) 479 2241 10677 55242 521389
(4.6691963617362955-0.0008972770771819856j) 479 2241 10677 55242 521390
(4.6692017071456915-0.0008857120338749861j) 481 2180 9033 27681 49625
(4.669201553865816-0.0008895052779988868j) 482 2235 10213 43454 143491
(4.669199794773052-0.0008865422697068509j) 484 2251 10428 47074 190377
(4.669203744852445-0.0008880393778233405j) 484 2265 10804 56246 567697
(4.669204649338674-0.000888039512830769j) 484 2265 10804 56246 567698
(4.669199916686565-0.0008880387801826204j) 484 2265 10804 56246 567701
(4.6692008211450755-0.000888038941418352j) 484 2265 10804 56246 567702
(4.66920172561706-0.0008880390501913004j) 484 2265 10804 56246 567703
(4.6692026300762794-0.0008880391589623091j) 484 2265 10804 56246 567704
(4.669196088408914-0.0008880382087573826j) 484 2265 10804 56246 567705
(4.669196992865949-0.000888038317528218j) 484 2265 10804 56246 567706
(4.669197897310215-0.0008880384525294696j) 484 2265 10804 56246 567707
(4.669198801767951-0.0008880385613003503j) 484 2265 10804 56246 567708
(4.669201497187321-0.0008797138334901689j) 488 2274 10629 49989 241715
(4.669196932272763-0.0008797131247974459j) 488 2274 10629 49989 241716
(4.6692002175834615-0.0008774167317414267j) 489 2274 10528 47392 189581
(4.6692038788791725-0.0008781546273768182j) 489 2281 10713 51552 281001
(4.669200157674808-0.0008781540533801956j) 489 2281 10713 51552 281002
(4.669196436423325-0.0008781534528490079j) 489 2281 10713 51552 281003
(4.669204310389589-0.0008789878828864008j) 489 2289 10931 57255 620563
(4.669200675438706-0.0008789873173344236j) 489 2289 10931 57255 620569
(4.6692014401491555-0.0008789874042355932j) 489 2289 10931 57255 620570
(4.669202204873103-0.0008789875176412553j) 489 2289 10931 57255 620571
(4.66920296958405-0.0008789876310449795j) 489 2289 10931 57255 620572
(4.669203734308498-0.000878987744450696j) 489 2289 10931 57255 620573
(4.669196275625463-0.0008789866383560474j) 489 2289 10931 57255 620574
(4.669197040334471-0.000878986725257102j) 489 2289 10931 57255 620575
(4.669197805030475-0.000878986838658669j) 489 2289 10931 57255 620576
(4.669198569739981-0.0008789869520622284j) 489 2289 10931 57255 620577
(4.66919933443649-0.0008789870389613645j) 489 2289 10931 57255 620578
(4.669195699135573-0.0008789864733573909j) 489 2289 10931 57255 620584
(4.669204979514634-0.000877221970698046j) 490 2294 10962 57618 652206
(4.669200481794347-0.0008772212505194983j) 490 2294 10962 57618 652212
(4.669201175494232-0.0008772213534036715j) 490 2294 10962 57618 652213
(4.669201869207597-0.0008772214828456959j) 490 2294 10962 57618 652214
(4.6692025629078975-0.0008772215591740543j) 490 2294 10962 57618 652215
(4.669203256608399-0.0008772216886141701j) 490 2294 10962 57618 652216
(4.66920395032239-0.0008772217649445269j) 490 2294 10962 57618 652217
(4.669195983910107-0.0008772205568722901j) 490 2294 10962 57618 652218
(4.669196677608653-0.0008772206863121107j) 490 2294 10962 57618 652219
(4.669197371294135-0.0008772207626383832j) 490 2294 10962 57618 652220
(4.669198064979813-0.000877220892076295j) 490 2294 10962 57618 652221
(4.669198758678989-0.0008772209418487416j) 490 2294 10962 57618 652222
(4.669199452365084-0.0008772210447308738j) 490 2294 10962 57618 652223
(4.669200146064659-0.0008772211741708379j) 490 2294 10962 57618 652224
(4.669195647942071-0.0008772204539325197j) 490 2294 10962 57618 652230
(4.669200035732196-0.0008702677986733764j) 492 2271 10165 39848 106398
(4.669204198286756-0.0008728829264508513j) 492 2296 10805 52502 302775
(4.669199352742053-0.0008728822207340648j) 492 2296 10805 52502 302776
(4.669198547429598-0.0008728820545057336j) 492 2296 10805 52502 302777
(4.669202661580692-0.000873399746189548j) 492 2301 10941 56014 476374
(4.669203967622471-0.0008733999359148471j) 492 2301 10941 56014 476375
(4.669200226693701-0.0008733993658076353j) 492 2301 10941 56014 476377
(4.669201532720782-0.0008733995555308416j) 492 2301 10941 56014 476378
(4.669196485717587-0.0008733987690213056j) 492 2301 10941 56014 476379
(4.669197791729238-0.000873398958742328j) 492 2301 10941 56014 476380
(4.669195356687297-0.0008733985783378328j) 492 2301 10941 56014 476383
(4.669196298839255-0.0008675440415555556j) 494 2288 10398 43253 133831
(4.669197608456088-0.0008683737563897064j) 494 2296 10602 47172 180626
(4.669204793840166-0.0008702234821517333j) 494 2314 11086 59086 814153
(4.669199281628636-0.0008702226376166367j) 494 2314 11086 59086 814165
(4.669199730374036-0.0008702227041904043j) 494 2314 11086 59086 814166
(4.669200179119526-0.0008702227439948163j) 494 2314 11086 59086 814167
(4.66920062787848-0.0008702228373399534j) 494 2314 11086 59086 814168
(4.669201076624139-0.0008702229039137492j) 494 2314 11086 59086 814169
(4.669201525369884-0.0008702229704875547j) 494 2314 11086 59086 814170
(4.669201974115716-0.0008702230370613699j) 494 2314 11086 59086 814171
(4.669202422861634-0.0008702231036351944j) 494 2314 11086 59086 814172
(4.669202871621023-0.0008702231702110142j) 494 2314 11086 59086 814173
(4.669203320367108-0.0008702232635542588j) 494 2314 11086 59086 814174
(4.6692037691132855-0.0008702233301281168j) 494 2314 11086 59086 814175
(4.66920421785956-0.000870223316393751j) 494 2314 11086 59086 814176
(4.669195115302018-0.0008702219927504543j) 494 2314 11086 59086 814180
(4.669195564033237-0.0008702220325528307j) 494 2314 11086 59086 814181
(4.669196012764534-0.0008702221258938404j) 494 2314 11086 59086 814182
(4.669196461509309-0.0008702221656982109j) 494 2314 11086 59086 814183
(4.669196910240779-0.0008702222590392503j) 494 2314 11086 59086 814184
(4.6691973589723395-0.0008702223256109765j) 494 2314 11086 59086 814185
(4.669197807703986-0.0008702223921827124j) 494 2314 11086 59086 814186
(4.669198256435719-0.0008702224587544578j) 494 2314 11086 59086 814187
(4.6691987051809285-0.0008702224717895022j) 494 2314 11086 59086 814188
(4.669204055798552-0.0008656167877919989j) 495 2291 10378 42612 127312
(4.669200158076301-0.0008657203392167984j) 495 2292 10403 43053 131364
(4.66920136438396-0.0008663416595634891j) 495 2298 10555 45892 162225
(4.669200825152266-0.0008647273360844676j) 496 2304 10611 46672 171550
(4.669201576976371-0.0008654456537560908j) 496 2311 10794 50588 240524
(4.669197035708402-0.0008654449588322128j) 496 2311 10794 50588 240525
(4.669203325736062-0.0008646438670748006j) 497 2325 11068 57009 514000
(4.6692044589293165-0.0008646440037278055j) 497 2325 11068 57009 514001
(4.669199801095146-0.0008646433312920506j) 497 2325 11068 57009 514003
(4.669200934273214-0.000864643494885168j) 497 2325 11068 57009 514004
(4.669202067451838-0.0008646436315361227j) 497 2325 11068 57009 514005
(4.669196276392197-0.0008646427955002088j) 497 2325 11068 57009 514006
(4.6691974095550846-0.0008646429590911915j) 497 2325 11068 57009 514007
(4.669198542718525-0.0008646430957400517j) 497 2325 11068 57009 514008
(4.669195017896238-0.000864642559931j) 497 2325 11068 57009 514011
(4.6691974431138-0.0008598205672996938j) 499 2321 10754 48577 196951
